 0.00000000e+00  7.07148565e+05  0.00000000e+00  5.36768653e+05 
 1.00000000e-08  7.07148565e+05  1.00000000e-08  5.36768653e+05 
 2.00000000e-08  7.07148565e+05  2.00000000e-08  5.36768653e+05 
 4.00000000e-08  7.07148565e+05  4.00000000e-08  5.36768653e+05 
 8.00000000e-08  7.07148565e+05  8.00000000e-08  5.36768653e+05 
 1.60000000e-07  7.07148565e+05  1.60000000e-07  5.36768653e+05 
 3.20000000e-07  7.07148565e+05  3.20000000e-07  5.36768653e+05 
 6.40000000e-07  7.07148565e+05  6.40000000e-07  5.36768653e+05 
 1.00000000e-06  7.07148565e+05  1.00000000e-06  5.36768653e+05 
 1.00000010e-06  7.07148565e+05  1.00000010e-06  5.36768653e+05 
 1.00000030e-06  7.07148565e+05  1.00000030e-06  5.36768653e+05 
 1.00000070e-06  7.07148565e+05  1.00000070e-06  5.36768653e+05 
 1.00000100e-06  7.07148565e+05  1.00000100e-06  5.36768653e+05 
 1.00000108e-06  7.07148565e+05  1.00000108e-06  5.36768653e+05 
 1.00000124e-06  7.07148565e+05  1.00000124e-06  5.36768653e+05 
 1.00000156e-06  7.07148565e+05  1.00000156e-06  5.36768653e+05 
 1.00000220e-06  7.07148565e+05  1.00000220e-06  5.36768653e+05 
 1.00000348e-06  7.07148565e+05  1.00000348e-06  5.36768653e+05 
 1.00000604e-06  7.07148565e+05  1.00000604e-06  5.36768653e+05 
 1.00001116e-06  7.07148565e+05  1.00001116e-06  5.36768653e+05 
 1.00002140e-06  7.07148565e+05  1.00002140e-06  5.36768653e+05 
 1.00004188e-06  7.07148565e+05  1.00004188e-06  5.36768653e+05 
 1.00008284e-06  7.07148565e+05  1.00008284e-06  5.36768653e+05 
 1.00016476e-06  7.07148565e+05  1.00016476e-06  5.36768653e+05 
 1.00032860e-06  7.07148565e+05  1.00032860e-06  5.36768653e+05 
 1.00065628e-06  7.07148565e+05  1.00065628e-06  5.36768653e+05 
 1.00131164e-06  7.07148565e+05  1.00131164e-06  5.36768653e+05 
 1.00262236e-06  7.07148565e+05  1.00262236e-06  5.36768653e+05 
 1.00524380e-06  7.07148565e+05  1.00524380e-06  5.36768653e+05 
 1.01048668e-06  7.07148565e+05  1.01048668e-06  5.36768653e+05 
 1.02097244e-06  7.07148565e+05  1.02097244e-06  5.36768653e+05 
 1.03936822e-06  7.07148565e+05  1.03936822e-06  5.36768653e+05 
 1.07512973e-06  7.07148565e+05  1.07512973e-06  5.36768653e+05 
 1.14665274e-06  7.07148565e+05  1.14665274e-06  5.36768653e+05 
 1.28065625e-06  7.07148565e+05  1.28065625e-06  5.36768653e+05 
 1.47753211e-06  7.07148565e+05  1.47753211e-06  5.36768653e+05 
 1.76993224e-06  7.07148565e+05  1.76993224e-06  5.36768653e+05 
 2.08832256e-06  7.07148565e+05  2.08832256e-06  5.36768653e+05 
 2.50221449e-06  7.07148565e+05  2.50221449e-06  5.36768653e+05 
 3.32999835e-06  7.07148565e+05  3.32999835e-06  5.36768653e+05 
 4.32999835e-06  7.07148565e+05  4.32999835e-06  5.36768653e+05 
 5.32999835e-06  7.07148565e+05  5.32999835e-06  5.36768653e+05 
 6.32999835e-06  7.07148565e+05  6.32999835e-06  5.36768653e+05 
 7.32999835e-06  7.07148565e+05  7.32999835e-06  5.36768653e+05 
 8.32999835e-06  7.07148565e+05  8.32999835e-06  5.36768653e+05 
 9.32999835e-06  7.07148565e+05  9.32999835e-06  5.36768653e+05 
 1.03299984e-05  7.07148565e+05  1.03299984e-05  5.36768653e+05 
 1.13299984e-05  7.07148565e+05  1.13299984e-05  5.36768653e+05 
 1.23299984e-05  7.07148565e+05  1.23299984e-05  5.36768653e+05 
 1.33299984e-05  7.07148565e+05  1.33299984e-05  5.36768653e+05 
 1.43299984e-05  7.07148565e+05  1.43299984e-05  5.36768653e+05 
 1.53299984e-05  7.07148565e+05  1.53299984e-05  5.36768653e+05 
 1.63299984e-05  7.07148565e+05  1.63299984e-05  5.36768653e+05 
 1.73299984e-05  7.07148565e+05  1.73299984e-05  5.36768653e+05 
 1.83299984e-05  7.07148565e+05  1.83299984e-05  5.36768653e+05 
 1.93299984e-05  7.07148565e+05  1.93299984e-05  5.36768653e+05 
 2.03299984e-05  7.07148565e+05  2.03299984e-05  5.36768653e+05 
 2.13299984e-05  7.07148565e+05  2.13299984e-05  5.36768653e+05 
 2.23299984e-05  7.07148565e+05  2.23299984e-05  5.36768653e+05 
 2.33299984e-05  7.07148565e+05  2.33299984e-05  5.36768653e+05 
 2.43299984e-05  7.07148565e+05  2.43299984e-05  5.36768653e+05 
 2.53299984e-05  7.07148565e+05  2.53299984e-05  5.36768653e+05 
 2.63299984e-05  7.07148565e+05  2.63299984e-05  5.36768653e+05 
 2.73299984e-05  7.07148565e+05  2.73299984e-05  5.36768653e+05 
 2.83299984e-05  7.07148565e+05  2.83299984e-05  5.36768653e+05 
 2.93299984e-05  7.07148565e+05  2.93299984e-05  5.36768653e+05 
 3.03299984e-05  7.07148565e+05  3.03299984e-05  5.36768653e+05 
 3.13299984e-05  7.07148565e+05  3.13299984e-05  5.36768653e+05 
 3.23299984e-05  7.07148565e+05  3.23299984e-05  5.36768653e+05 
 3.33299984e-05  7.07148565e+05  3.33299984e-05  5.36768653e+05 
 3.43299984e-05  7.07148565e+05  3.43299984e-05  5.36768653e+05 
 3.53299984e-05  7.07148565e+05  3.53299984e-05  5.36768653e+05 
 3.63299984e-05  7.07148565e+05  3.63299984e-05  5.36768653e+05 
 3.73299984e-05  7.07148565e+05  3.73299984e-05  5.36768653e+05 
 3.83299984e-05  7.07148565e+05  3.83299984e-05  5.36768653e+05 
 3.93299984e-05  7.07148565e+05  3.93299984e-05  5.36768653e+05 
 4.03299984e-05  7.07148565e+05  4.03299984e-05  5.36768653e+05 
 4.13299984e-05  7.07148565e+05  4.13299984e-05  5.36768653e+05 
 4.23299984e-05  7.07148565e+05  4.23299984e-05  5.36768653e+05 
 4.33299984e-05  7.07148565e+05  4.33299984e-05  5.36768653e+05 
 4.43299984e-05  7.07148565e+05  4.43299984e-05  5.36768653e+05 
 4.53299984e-05  7.07148565e+05  4.53299984e-05  5.36768653e+05 
 4.63299984e-05  7.07148565e+05  4.63299984e-05  5.36768653e+05 
 4.73299984e-05  7.07148565e+05  4.73299984e-05  5.36768653e+05 
 4.83299984e-05  7.07148565e+05  4.83299984e-05  5.36768653e+05 
 4.93299984e-05  7.07148565e+05  4.93299984e-05  5.36768653e+05 
 5.03299984e-05  7.07148565e+05  5.03299984e-05  5.36768653e+05 
 5.13299984e-05  7.07148565e+05  5.13299984e-05  5.36768653e+05 
 5.23299984e-05  7.07148565e+05  5.23299984e-05  5.36768653e+05 
 5.33299984e-05  7.07148565e+05  5.33299984e-05  5.36768653e+05 
 5.43299984e-05  7.07148565e+05  5.43299984e-05  5.36768653e+05 
 5.53299984e-05  7.07148565e+05  5.53299984e-05  5.36768653e+05 
 5.63299984e-05  7.07148565e+05  5.63299984e-05  5.36768653e+05 
 5.73299984e-05  7.07148565e+05  5.73299984e-05  5.36768653e+05 
 5.83299984e-05  7.07148565e+05  5.83299984e-05  5.36768653e+05 
 5.93299984e-05  7.07148565e+05  5.93299984e-05  5.36768653e+05 
 6.03299984e-05  7.07148565e+05  6.03299984e-05  5.36768653e+05 
 6.13299984e-05  7.07148565e+05  6.13299984e-05  5.36768653e+05 
 6.23299984e-05  7.07148565e+05  6.23299984e-05  5.36768653e+05 
 6.33299984e-05  7.07148565e+05  6.33299984e-05  5.36768653e+05 
 6.43299984e-05  7.07148565e+05  6.43299984e-05  5.36768653e+05 
 6.53299984e-05  7.07148565e+05  6.53299984e-05  5.36768653e+05 
 6.63299984e-05  7.07148565e+05  6.63299984e-05  5.36768653e+05 
 6.73299984e-05  7.07148565e+05  6.73299984e-05  5.36768653e+05 
 6.83299984e-05  7.07148565e+05  6.83299984e-05  5.36768653e+05 
 6.93299984e-05  7.07148565e+05  6.93299984e-05  5.36768653e+05 
 7.03299984e-05  7.07148565e+05  7.03299984e-05  5.36768653e+05 
 7.13299984e-05  7.07148565e+05  7.13299984e-05  5.36768653e+05 
 7.23299984e-05  7.07148565e+05  7.23299984e-05  5.36768653e+05 
 7.33299984e-05  7.07148565e+05  7.33299984e-05  5.36768653e+05 
 7.43299984e-05  7.07148565e+05  7.43299984e-05  5.36768653e+05 
 7.53299984e-05  7.07148565e+05  7.53299984e-05  5.36768653e+05 
 7.63299984e-05  7.07148565e+05  7.63299984e-05  5.36768653e+05 
 7.73299984e-05  7.07148565e+05  7.73299984e-05  5.36768653e+05 
 7.83299984e-05  7.07148565e+05  7.83299984e-05  5.36768653e+05 
 7.93299984e-05  7.07148565e+05  7.93299984e-05  5.36768653e+05 
 8.03299984e-05  7.07148565e+05  8.03299984e-05  5.36768653e+05 
 8.13299984e-05  7.07148565e+05  8.13299984e-05  5.36768653e+05 
 8.23299984e-05  7.07148565e+05  8.23299984e-05  5.36768653e+05 
 8.33299984e-05  7.07148565e+05  8.33299984e-05  5.36768653e+05 
 8.43299984e-05  7.07148565e+05  8.43299984e-05  5.36768653e+05 
 8.53299984e-05  7.07148565e+05  8.53299984e-05  5.36768653e+05 
 8.63299984e-05  7.07148565e+05  8.63299984e-05  5.36768653e+05 
 8.73299984e-05  7.07148565e+05  8.73299984e-05  5.36768653e+05 
 8.83299984e-05  7.07148565e+05  8.83299984e-05  5.36768653e+05 
 8.93299984e-05  7.07148565e+05  8.93299984e-05  5.36768653e+05 
 9.03299984e-05  7.07148565e+05  9.03299984e-05  5.36768653e+05 
 9.13299984e-05  7.07148565e+05  9.13299984e-05  5.36768653e+05 
 9.23299984e-05  7.07148565e+05  9.23299984e-05  5.36768653e+05 
 9.33299984e-05  7.07148565e+05  9.33299984e-05  5.36768653e+05 
 9.43299984e-05  7.07148565e+05  9.43299984e-05  5.36768653e+05 
 9.53299984e-05  7.07148565e+05  9.53299984e-05  5.36768653e+05 
 9.63299984e-05  7.07148565e+05  9.63299984e-05  5.36768653e+05 
 9.73299984e-05  7.07148565e+05  9.73299984e-05  5.36768653e+05 
 9.83299984e-05  7.07148565e+05  9.83299984e-05  5.36768653e+05 
 9.93299984e-05  7.07148565e+05  9.93299984e-05  5.36768653e+05 
 1.00329998e-04  7.07148565e+05  1.00329998e-04  5.36768653e+05 
 1.01329998e-04  7.07148565e+05  1.01329998e-04  5.36768653e+05 
 1.02329998e-04  7.07148565e+05  1.02329998e-04  5.36768653e+05 
 1.03329998e-04  7.07148565e+05  1.03329998e-04  5.36768653e+05 
 1.04329998e-04  7.07148565e+05  1.04329998e-04  5.36768653e+05 
 1.05329998e-04  7.07148565e+05  1.05329998e-04  5.36768653e+05 
 1.06329998e-04  7.07148565e+05  1.06329998e-04  5.36768653e+05 
 1.07329998e-04  7.07148565e+05  1.07329998e-04  5.36768653e+05 
 1.08329998e-04  7.07148565e+05  1.08329998e-04  5.36768653e+05 
 1.09329998e-04  7.07148565e+05  1.09329998e-04  5.36768653e+05 
 1.10329998e-04  7.07148565e+05  1.10329998e-04  5.36768653e+05 
 1.11329998e-04  7.07148565e+05  1.11329998e-04  5.36768653e+05 
 1.12329998e-04  7.07148565e+05  1.12329998e-04  5.36768653e+05 
 1.13329998e-04  7.07148565e+05  1.13329998e-04  5.36768653e+05 
 1.14329998e-04  7.07148565e+05  1.14329998e-04  5.36768653e+05 
 1.15329998e-04  7.07148565e+05  1.15329998e-04  5.36768653e+05 
 1.16329998e-04  7.07148565e+05  1.16329998e-04  5.36768653e+05 
 1.17329998e-04  7.07148565e+05  1.17329998e-04  5.36768653e+05 
 1.18329998e-04  7.07148565e+05  1.18329998e-04  5.36768653e+05 
 1.19329998e-04  7.07148565e+05  1.19329998e-04  5.36768653e+05 
 1.20329998e-04  7.07148565e+05  1.20329998e-04  5.36768653e+05 
 1.21329998e-04  7.07148565e+05  1.21329998e-04  5.36768653e+05 
 1.22329998e-04  7.07148565e+05  1.22329998e-04  5.36768653e+05 
 1.23329998e-04  7.07148565e+05  1.23329998e-04  5.36768653e+05 
 1.24329998e-04  7.07148565e+05  1.24329998e-04  5.36768653e+05 
 1.25329998e-04  7.07148565e+05  1.25329998e-04  5.36768653e+05 
 1.26329998e-04  7.07148565e+05  1.26329998e-04  5.36768653e+05 
 1.27329998e-04  7.07148565e+05  1.27329998e-04  5.36768653e+05 
 1.28329998e-04  7.07148565e+05  1.28329998e-04  5.36768653e+05 
 1.29329998e-04  7.07148565e+05  1.29329998e-04  5.36768653e+05 
 1.30329998e-04  7.07148565e+05  1.30329998e-04  5.36768653e+05 
 1.31329998e-04  7.07148565e+05  1.31329998e-04  5.36768653e+05 
 1.32329998e-04  7.07148565e+05  1.32329998e-04  5.36768653e+05 
 1.33329998e-04  7.07148565e+05  1.33329998e-04  5.36768653e+05 
 1.34329998e-04  7.07148565e+05  1.34329998e-04  5.36768653e+05 
 1.35329998e-04  7.07148565e+05  1.35329998e-04  5.36768653e+05 
 1.36329998e-04  7.07148565e+05  1.36329998e-04  5.36768653e+05 
 1.37329998e-04  7.07148565e+05  1.37329998e-04  5.36768653e+05 
 1.38329998e-04  7.07148565e+05  1.38329998e-04  5.36768653e+05 
 1.39329998e-04  7.07148565e+05  1.39329998e-04  5.36768653e+05 
 1.40329998e-04  7.07148565e+05  1.40329998e-04  5.36768653e+05 
 1.41329998e-04  7.07148565e+05  1.41329998e-04  5.36768653e+05 
 1.42329998e-04  7.07148565e+05  1.42329998e-04  5.36768653e+05 
 1.43329998e-04  7.07148565e+05  1.43329998e-04  5.36768653e+05 
 1.44329998e-04  7.07148565e+05  1.44329998e-04  5.36768653e+05 
 1.45329998e-04  7.07148565e+05  1.45329998e-04  5.36768653e+05 
 1.46329998e-04  7.07148565e+05  1.46329998e-04  5.36768653e+05 
 1.47329998e-04  7.07148565e+05  1.47329998e-04  5.36768653e+05 
 1.48329998e-04  7.07148565e+05  1.48329998e-04  5.36768653e+05 
 1.49329998e-04  7.07148565e+05  1.49329998e-04  5.36768653e+05 
 1.50329998e-04  7.07148565e+05  1.50329998e-04  5.36768653e+05 
 1.51329998e-04  7.07148565e+05  1.51329998e-04  5.36768653e+05 
 1.52329998e-04  7.07148565e+05  1.52329998e-04  5.36768653e+05 
 1.53329998e-04  7.07148565e+05  1.53329998e-04  5.36768653e+05 
 1.54329998e-04  7.07148565e+05  1.54329998e-04  5.36768653e+05 
 1.55329998e-04  7.07148565e+05  1.55329998e-04  5.36768653e+05 
 1.56329998e-04  7.07148565e+05  1.56329998e-04  5.36768653e+05 
 1.57329998e-04  7.07148565e+05  1.57329998e-04  5.36768653e+05 
 1.58329998e-04  7.07148565e+05  1.58329998e-04  5.36768653e+05 
 1.59329998e-04  7.07148565e+05  1.59329998e-04  5.36768653e+05 
 1.60329998e-04  7.07148565e+05  1.60329998e-04  5.36768653e+05 
 1.61329998e-04  7.07148565e+05  1.61329998e-04  5.36768653e+05 
 1.62329998e-04  7.07148565e+05  1.62329998e-04  5.36768653e+05 
 1.63329998e-04  7.07148565e+05  1.63329998e-04  5.36768653e+05 
 1.64329998e-04  7.07148565e+05  1.64329998e-04  5.36768653e+05 
 1.65329998e-04  7.07148565e+05  1.65329998e-04  5.36768653e+05 
 1.66329998e-04  7.07148565e+05  1.66329998e-04  5.36768653e+05 
 1.67329998e-04  7.07148565e+05  1.67329998e-04  5.36768653e+05 
 1.68329998e-04  7.07148565e+05  1.68329998e-04  5.36768653e+05 
 1.69329998e-04  7.07148565e+05  1.69329998e-04  5.36768653e+05 
 1.70329998e-04  7.07148565e+05  1.70329998e-04  5.36768653e+05 
 1.71329998e-04  7.07148565e+05  1.71329998e-04  5.36768653e+05 
 1.72329998e-04  7.07148565e+05  1.72329998e-04  5.36768653e+05 
 1.73329998e-04  7.07148565e+05  1.73329998e-04  5.36768653e+05 
 1.74329998e-04  7.07148565e+05  1.74329998e-04  5.36768653e+05 
 1.75329998e-04  7.07148565e+05  1.75329998e-04  5.36768653e+05 
 1.76329998e-04  7.07148565e+05  1.76329998e-04  5.36768653e+05 
 1.77329998e-04  7.07148565e+05  1.77329998e-04  5.36768653e+05 
 1.78329998e-04  7.07148565e+05  1.78329998e-04  5.36768653e+05 
 1.79329998e-04  7.07148565e+05  1.79329998e-04  5.36768653e+05 
 1.80329998e-04  7.07148565e+05  1.80329998e-04  5.36768653e+05 
 1.81329998e-04  7.07148565e+05  1.81329998e-04  5.36768653e+05 
 1.82329998e-04  7.07148565e+05  1.82329998e-04  5.36768653e+05 
 1.83329998e-04  7.07148565e+05  1.83329998e-04  5.36768653e+05 
 1.84329998e-04  7.07148565e+05  1.84329998e-04  5.36768653e+05 
 1.85329998e-04  7.07148565e+05  1.85329998e-04  5.36768653e+05 
 1.86329998e-04  7.07148565e+05  1.86329998e-04  5.36768653e+05 
 1.87329998e-04  7.07148565e+05  1.87329998e-04  5.36768653e+05 
 1.88329998e-04  7.07148565e+05  1.88329998e-04  5.36768653e+05 
 1.89329998e-04  7.07148565e+05  1.89329998e-04  5.36768653e+05 
 1.90329998e-04  7.07148565e+05  1.90329998e-04  5.36768653e+05 
 1.91329998e-04  7.07148565e+05  1.91329998e-04  5.36768653e+05 
 1.92329998e-04  7.07148565e+05  1.92329998e-04  5.36768653e+05 
 1.93329998e-04  7.07148565e+05  1.93329998e-04  5.36768653e+05 
 1.94329998e-04  7.07148565e+05  1.94329998e-04  5.36768653e+05 
 1.95329998e-04  7.07148565e+05  1.95329998e-04  5.36768653e+05 
 1.96329998e-04  7.07148565e+05  1.96329998e-04  5.36768653e+05 
 1.97329998e-04  7.07148565e+05  1.97329998e-04  5.36768653e+05 
 1.98329998e-04  7.07148565e+05  1.98329998e-04  5.36768653e+05 
 1.99329998e-04  7.07148565e+05  1.99329998e-04  5.36768653e+05 
 2.00329998e-04  7.07148565e+05  2.00329998e-04  5.36768653e+05 
 2.01000001e-04  7.07148565e+05  2.01000001e-04  5.36768653e+05 
 2.01000001e-04  7.07148565e+05  2.01000001e-04  5.36768653e+05 
 2.01000001e-04  7.07148565e+05  2.01000001e-04  5.36768653e+05 
 2.01000002e-04  7.07148565e+05  2.01000002e-04  5.36768653e+05 
 2.01000002e-04  7.07148565e+05  2.01000002e-04  5.36768653e+05 
 2.01000002e-04  7.07148565e+05  2.01000002e-04  5.36768653e+05 
 2.01000002e-04  7.07148565e+05  2.01000002e-04  5.36768653e+05 
 2.01000003e-04  7.07148565e+05  2.01000003e-04  5.36768653e+05 
 2.01000003e-04  7.07148565e+05  2.01000003e-04  5.36768653e+05 
 2.01000004e-04  7.07148565e+05  2.01000004e-04  5.36768653e+05 
 2.01000007e-04  7.07148565e+05  2.01000007e-04  5.36768653e+05 
 2.01000012e-04  7.07148565e+05  2.01000012e-04  5.36768653e+05 
 2.01000022e-04  7.07148565e+05  2.01000022e-04  5.36768653e+05 
 2.01000043e-04  7.07148565e+05  2.01000043e-04  5.36768653e+05 
 2.01000084e-04  7.07148565e+05  2.01000084e-04  5.36768653e+05 
 2.01000166e-04  7.07148565e+05  2.01000166e-04  5.36768653e+05 
 2.01000330e-04  7.07148565e+05  2.01000330e-04  5.36768653e+05 
 2.01000657e-04  7.07148565e+05  2.01000657e-04  5.36768653e+05 
 2.01001313e-04  7.07148565e+05  2.01001313e-04  5.36768653e+05 
 2.01002623e-04  7.07148565e+05  2.01002623e-04  5.36768653e+05 
 2.01005245e-04  7.07148565e+05  2.01005245e-04  5.36768653e+05 
 2.01009852e-04  7.07148565e+05  2.01009852e-04  5.36768653e+05 
 2.01019068e-04  7.07148565e+05  2.01019068e-04  5.36768653e+05 
 2.01029243e-04  7.07148565e+05  2.01029243e-04  5.36768653e+05 
 2.01049595e-04  7.07148565e+05  2.01049595e-04  5.36768653e+05 
 2.01090297e-04  7.07148565e+05  2.01090297e-04  5.36768653e+05 
 2.01171702e-04  7.07148565e+05  2.01171702e-04  5.36768653e+05 
 2.01334511e-04  7.07148565e+05  2.01334511e-04  5.36768653e+05 
 2.01660130e-04  7.07148565e+05  2.01660130e-04  5.36768653e+05 
 2.02007463e-04  7.07148565e+05  2.02007463e-04  5.36768653e+05 
 2.02415505e-04  7.07148565e+05  2.02415505e-04  5.36768653e+05 
 2.02875552e-04  7.07148565e+05  2.02875552e-04  5.36768653e+05 
 2.03795647e-04  7.07148565e+05  2.03795647e-04  5.36768653e+05 
 2.04795647e-04  7.07148565e+05  2.04795647e-04  5.36768653e+05 
 2.05795647e-04  7.07148565e+05  2.05795647e-04  5.36768653e+05 
 2.06795647e-04  7.07148565e+05  2.06795647e-04  5.36768653e+05 
 2.07795647e-04  7.07148565e+05  2.07795647e-04  5.36768653e+05 
 2.08795647e-04  7.07148565e+05  2.08795647e-04  5.36768653e+05 
 2.09795647e-04  7.07148565e+05  2.09795647e-04  5.36768653e+05 
 2.10795647e-04  7.07148565e+05  2.10795647e-04  5.36768653e+05 
 2.11795647e-04  7.07148565e+05  2.11795647e-04  5.36768653e+05 
 2.12795647e-04  7.07148565e+05  2.12795647e-04  5.36768653e+05 
 2.13795647e-04  7.07148565e+05  2.13795647e-04  5.36768653e+05 
 2.14795647e-04  7.07148565e+05  2.14795647e-04  5.36768653e+05 
 2.15795647e-04  7.07148565e+05  2.15795647e-04  5.36768653e+05 
 2.16795647e-04  7.07148565e+05  2.16795647e-04  5.36768653e+05 
 2.17795647e-04  7.07148565e+05  2.17795647e-04  5.36768653e+05 
 2.18795647e-04  7.07148565e+05  2.18795647e-04  5.36768653e+05 
 2.19795647e-04  7.07148565e+05  2.19795647e-04  5.36768653e+05 
 2.20795647e-04  7.07148565e+05  2.20795647e-04  5.36768653e+05 
 2.21795647e-04  7.07148565e+05  2.21795647e-04  5.36768653e+05 
 2.22795647e-04  7.07148565e+05  2.22795647e-04  5.36768653e+05 
 2.23795647e-04  7.07148565e+05  2.23795647e-04  5.36768653e+05 
 2.24795647e-04  7.07148565e+05  2.24795647e-04  5.36768653e+05 
 2.25795647e-04  7.07148565e+05  2.25795647e-04  5.36768653e+05 
 2.26795647e-04  7.07148565e+05  2.26795647e-04  5.36768653e+05 
 2.27795647e-04  7.07148565e+05  2.27795647e-04  5.36768653e+05 
 2.28795647e-04  7.07148565e+05  2.28795647e-04  5.36768653e+05 
 2.29795647e-04  7.07148565e+05  2.29795647e-04  5.36768653e+05 
 2.30795647e-04  7.07148565e+05  2.30795647e-04  5.36768653e+05 
 2.31795647e-04  7.07148565e+05  2.31795647e-04  5.36768653e+05 
 2.32795647e-04  7.07148565e+05  2.32795647e-04  5.36768653e+05 
 2.33795647e-04  7.07148565e+05  2.33795647e-04  5.36768653e+05 
 2.34795647e-04  7.07148565e+05  2.34795647e-04  5.36768653e+05 
 2.35795647e-04  7.07148565e+05  2.35795647e-04  5.36768653e+05 
 2.36795647e-04  7.07148565e+05  2.36795647e-04  5.36768653e+05 
 2.37795647e-04  7.07148565e+05  2.37795647e-04  5.36768653e+05 
 2.38795647e-04  7.07148565e+05  2.38795647e-04  5.36768653e+05 
 2.39795647e-04  7.07148565e+05  2.39795647e-04  5.36768653e+05 
 2.40795647e-04  7.07148565e+05  2.40795647e-04  5.36768653e+05 
 2.41795647e-04  7.07148565e+05  2.41795647e-04  5.36768653e+05 
 2.42795647e-04  7.07148565e+05  2.42795647e-04  5.36768653e+05 
 2.43795647e-04  7.07148565e+05  2.43795647e-04  5.36768653e+05 
 2.44795647e-04  7.07148565e+05  2.44795647e-04  5.36768653e+05 
 2.45795647e-04  7.07148565e+05  2.45795647e-04  5.36768653e+05 
 2.46795647e-04  7.07148565e+05  2.46795647e-04  5.36768653e+05 
 2.47795647e-04  7.07148565e+05  2.47795647e-04  5.36768653e+05 
 2.48795647e-04  7.07148565e+05  2.48795647e-04  5.36768653e+05 
 2.49795647e-04  7.07148565e+05  2.49795647e-04  5.36768653e+05 
 2.50795647e-04  7.07148565e+05  2.50795647e-04  5.36768653e+05 
 2.51795647e-04  7.07148565e+05  2.51795647e-04  5.36768653e+05 
 2.52795647e-04  7.07148565e+05  2.52795647e-04  5.36768653e+05 
 2.53795647e-04  7.07148565e+05  2.53795647e-04  5.36768653e+05 
 2.54795647e-04  7.07148565e+05  2.54795647e-04  5.36768653e+05 
 2.55795647e-04  7.07148565e+05  2.55795647e-04  5.36768653e+05 
 2.56795647e-04  7.07148565e+05  2.56795647e-04  5.36768653e+05 
 2.57795647e-04  7.07148565e+05  2.57795647e-04  5.36768653e+05 
 2.58795647e-04  7.07148565e+05  2.58795647e-04  5.36768653e+05 
 2.59795647e-04  7.07148565e+05  2.59795647e-04  5.36768653e+05 
 2.60795647e-04  7.07148565e+05  2.60795647e-04  5.36768653e+05 
 2.61795647e-04  7.07148565e+05  2.61795647e-04  5.36768653e+05 
 2.62795647e-04  7.07148565e+05  2.62795647e-04  5.36768653e+05 
 2.63795647e-04  7.07148565e+05  2.63795647e-04  5.36768653e+05 
 2.64795647e-04  7.07148565e+05  2.64795647e-04  5.36768653e+05 
 2.65795647e-04  7.07148565e+05  2.65795647e-04  5.36768653e+05 
 2.66795647e-04  7.07148565e+05  2.66795647e-04  5.36768653e+05 
 2.67795647e-04  7.07148565e+05  2.67795647e-04  5.36768653e+05 
 2.68795647e-04  7.07148565e+05  2.68795647e-04  5.36768653e+05 
 2.69795647e-04  7.07148565e+05  2.69795647e-04  5.36768653e+05 
 2.70795647e-04  7.07148565e+05  2.70795647e-04  5.36768653e+05 
 2.71795647e-04  7.07148565e+05  2.71795647e-04  5.36768653e+05 
 2.72795647e-04  7.07148565e+05  2.72795647e-04  5.36768653e+05 
 2.73795647e-04  7.07148565e+05  2.73795647e-04  5.36768653e+05 
 2.74795647e-04  7.07148565e+05  2.74795647e-04  5.36768653e+05 
 2.75795647e-04  7.07148565e+05  2.75795647e-04  5.36768653e+05 
 2.76795647e-04  7.07148565e+05  2.76795647e-04  5.36768653e+05 
 2.77795647e-04  7.07148565e+05  2.77795647e-04  5.36768653e+05 
 2.78795647e-04  7.07148565e+05  2.78795647e-04  5.36768653e+05 
 2.79795647e-04  7.07148565e+05  2.79795647e-04  5.36768653e+05 
 2.80795647e-04  7.07148565e+05  2.80795647e-04  5.36768653e+05 
 2.81795647e-04  7.07148565e+05  2.81795647e-04  5.36768653e+05 
 2.82795647e-04  7.07148565e+05  2.82795647e-04  5.36768653e+05 
 2.83795647e-04  7.07148565e+05  2.83795647e-04  5.36768653e+05 
 2.84795647e-04  7.07148565e+05  2.84795647e-04  5.36768653e+05 
 2.85795647e-04  7.07148565e+05  2.85795647e-04  5.36768653e+05 
 2.86795647e-04  7.07148565e+05  2.86795647e-04  5.36768653e+05 
 2.87795647e-04  7.07148565e+05  2.87795647e-04  5.36768653e+05 
 2.88795647e-04  7.07148565e+05  2.88795647e-04  5.36768653e+05 
 2.89795647e-04  7.07148565e+05  2.89795647e-04  5.36768653e+05 
 2.90795647e-04  7.07148565e+05  2.90795647e-04  5.36768653e+05 
 2.91795647e-04  7.07148565e+05  2.91795647e-04  5.36768653e+05 
 2.92795647e-04  7.07148565e+05  2.92795647e-04  5.36768653e+05 
 2.93795647e-04  7.07148565e+05  2.93795647e-04  5.36768653e+05 
 2.94795647e-04  7.07148565e+05  2.94795647e-04  5.36768653e+05 
 2.95795647e-04  7.07148565e+05  2.95795647e-04  5.36768653e+05 
 2.96795647e-04  7.07148565e+05  2.96795647e-04  5.36768653e+05 
 2.97795647e-04  7.07148565e+05  2.97795647e-04  5.36768653e+05 
 2.98795647e-04  7.07148565e+05  2.98795647e-04  5.36768653e+05 
 2.99795647e-04  7.07148565e+05  2.99795647e-04  5.36768653e+05 
 3.00795647e-04  7.07148565e+05  3.00795647e-04  5.36768653e+05 
 3.01795647e-04  7.07148565e+05  3.01795647e-04  5.36768653e+05 
 3.02795647e-04  7.07148565e+05  3.02795647e-04  5.36768653e+05 
 3.03795647e-04  7.07148565e+05  3.03795647e-04  5.36768653e+05 
 3.04795647e-04  7.07148565e+05  3.04795647e-04  5.36768653e+05 
 3.05795647e-04  7.07148565e+05  3.05795647e-04  5.36768653e+05 
 3.06795647e-04  7.07148565e+05  3.06795647e-04  5.36768653e+05 
 3.07795647e-04  7.07148565e+05  3.07795647e-04  5.36768653e+05 
 3.08795647e-04  7.07148565e+05  3.08795647e-04  5.36768653e+05 
 3.09795647e-04  7.07148565e+05  3.09795647e-04  5.36768653e+05 
 3.10795647e-04  7.07148565e+05  3.10795647e-04  5.36768653e+05 
 3.11795647e-04  7.07148565e+05  3.11795647e-04  5.36768653e+05 
 3.12795647e-04  7.07148565e+05  3.12795647e-04  5.36768653e+05 
 3.13795647e-04  7.07148565e+05  3.13795647e-04  5.36768653e+05 
 3.14795647e-04  7.07148565e+05  3.14795647e-04  5.36768653e+05 
 3.15795647e-04  7.07148565e+05  3.15795647e-04  5.36768653e+05 
 3.16795647e-04  7.07148565e+05  3.16795647e-04  5.36768653e+05 
 3.17795647e-04  7.07148565e+05  3.17795647e-04  5.36768653e+05 
 3.18795647e-04  7.07148565e+05  3.18795647e-04  5.36768653e+05 
 3.19795647e-04  7.07148565e+05  3.19795647e-04  5.36768653e+05 
 3.20795647e-04  7.07148565e+05  3.20795647e-04  5.36768653e+05 
 3.21795647e-04  7.07148565e+05  3.21795647e-04  5.36768653e+05 
 3.22795647e-04  7.07148565e+05  3.22795647e-04  5.36768653e+05 
 3.23795647e-04  7.07148565e+05  3.23795647e-04  5.36768653e+05 
 3.24795647e-04  7.07148565e+05  3.24795647e-04  5.36768653e+05 
 3.25795647e-04  7.07148565e+05  3.25795647e-04  5.36768653e+05 
 3.26795647e-04  7.07148565e+05  3.26795647e-04  5.36768653e+05 
 3.27795647e-04  7.07148565e+05  3.27795647e-04  5.36768653e+05 
 3.28795647e-04  7.07148565e+05  3.28795647e-04  5.36768653e+05 
 3.29795647e-04  7.07148565e+05  3.29795647e-04  5.36768653e+05 
 3.30795647e-04  7.07148565e+05  3.30795647e-04  5.36768653e+05 
 3.31795647e-04  7.07148565e+05  3.31795647e-04  5.36768653e+05 
 3.32795647e-04  7.07148565e+05  3.32795647e-04  5.36768653e+05 
 3.33795647e-04  7.07148565e+05  3.33795647e-04  5.36768653e+05 
 3.34795647e-04  7.07148565e+05  3.34795647e-04  5.36768653e+05 
 3.35795647e-04  7.07148565e+05  3.35795647e-04  5.36768653e+05 
 3.36795647e-04  7.07148565e+05  3.36795647e-04  5.36768653e+05 
 3.37795647e-04  7.07148565e+05  3.37795647e-04  5.36768653e+05 
 3.38795647e-04  7.07148565e+05  3.38795647e-04  5.36768653e+05 
 3.39795647e-04  7.07148565e+05  3.39795647e-04  5.36768653e+05 
 3.40795647e-04  7.07148565e+05  3.40795647e-04  5.36768653e+05 
 3.41795647e-04  7.07148565e+05  3.41795647e-04  5.36768653e+05 
 3.42795647e-04  7.07148565e+05  3.42795647e-04  5.36768653e+05 
 3.43795647e-04  7.07148565e+05  3.43795647e-04  5.36768653e+05 
 3.44795647e-04  7.07148565e+05  3.44795647e-04  5.36768653e+05 
 3.45795647e-04  7.07148565e+05  3.45795647e-04  5.36768653e+05 
 3.46795647e-04  7.07148565e+05  3.46795647e-04  5.36768653e+05 
 3.47795647e-04  7.07148565e+05  3.47795647e-04  5.36768653e+05 
 3.48795647e-04  7.07148565e+05  3.48795647e-04  5.36768653e+05 
 3.49795647e-04  7.07148565e+05  3.49795647e-04  5.36768653e+05 
 3.50795647e-04  7.07148565e+05  3.50795647e-04  5.36768653e+05 
 3.51795647e-04  7.07148565e+05  3.51795647e-04  5.36768653e+05 
 3.52795647e-04  7.07148565e+05  3.52795647e-04  5.36768653e+05 
 3.53795647e-04  7.07148565e+05  3.53795647e-04  5.36768653e+05 
 3.54795647e-04  7.07148565e+05  3.54795647e-04  5.36768653e+05 
 3.55795647e-04  7.07148565e+05  3.55795647e-04  5.36768653e+05 
 3.56795647e-04  7.07148565e+05  3.56795647e-04  5.36768653e+05 
 3.57795647e-04  7.07148565e+05  3.57795647e-04  5.36768653e+05 
 3.58795647e-04  7.07148565e+05  3.58795647e-04  5.36768653e+05 
 3.59795647e-04  7.07148565e+05  3.59795647e-04  5.36768653e+05 
 3.60795647e-04  7.07148565e+05  3.60795647e-04  5.36768653e+05 
 3.61795647e-04  7.07148565e+05  3.61795647e-04  5.36768653e+05 
 3.62795647e-04  7.07148565e+05  3.62795647e-04  5.36768653e+05 
 3.63795647e-04  7.07148565e+05  3.63795647e-04  5.36768653e+05 
 3.64795647e-04  7.07148565e+05  3.64795647e-04  5.36768653e+05 
 3.65795647e-04  7.07148565e+05  3.65795647e-04  5.36768653e+05 
 3.66795647e-04  7.07148565e+05  3.66795647e-04  5.36768653e+05 
 3.67795647e-04  7.07148565e+05  3.67795647e-04  5.36768653e+05 
 3.68795647e-04  7.07148565e+05  3.68795647e-04  5.36768653e+05 
 3.69795647e-04  7.07148565e+05  3.69795647e-04  5.36768653e+05 
 3.70795647e-04  7.07148565e+05  3.70795647e-04  5.36768653e+05 
 3.71795647e-04  7.07148565e+05  3.71795647e-04  5.36768653e+05 
 3.72795647e-04  7.07148565e+05  3.72795647e-04  5.36768653e+05 
 3.73795647e-04  7.07148565e+05  3.73795647e-04  5.36768653e+05 
 3.74795647e-04  7.07148565e+05  3.74795647e-04  5.36768653e+05 
 3.75795647e-04  7.07148565e+05  3.75795647e-04  5.36768653e+05 
 3.76795647e-04  7.07148565e+05  3.76795647e-04  5.36768653e+05 
 3.77795647e-04  7.07148565e+05  3.77795647e-04  5.36768653e+05 
 3.78795647e-04  7.07148565e+05  3.78795647e-04  5.36768653e+05 
 3.79795647e-04  7.07148565e+05  3.79795647e-04  5.36768653e+05 
 3.80795647e-04  7.07148565e+05  3.80795647e-04  5.36768653e+05 
 3.81795647e-04  7.07148565e+05  3.81795647e-04  5.36768653e+05 
 3.82795647e-04  7.07148565e+05  3.82795647e-04  5.36768653e+05 
 3.83795647e-04  7.07148565e+05  3.83795647e-04  5.36768653e+05 
 3.84795647e-04  7.07148565e+05  3.84795647e-04  5.36768653e+05 
 3.85795647e-04  7.07148565e+05  3.85795647e-04  5.36768653e+05 
 3.86795647e-04  7.07148565e+05  3.86795647e-04  5.36768653e+05 
 3.87795647e-04  7.07148565e+05  3.87795647e-04  5.36768653e+05 
 3.88795647e-04  7.07148565e+05  3.88795647e-04  5.36768653e+05 
 3.89795647e-04  7.07148565e+05  3.89795647e-04  5.36768653e+05 
 3.90795647e-04  7.07148565e+05  3.90795647e-04  5.36768653e+05 
 3.91795647e-04  7.07148565e+05  3.91795647e-04  5.36768653e+05 
 3.92795647e-04  7.07148565e+05  3.92795647e-04  5.36768653e+05 
 3.93795647e-04  7.07148565e+05  3.93795647e-04  5.36768653e+05 
 3.94795647e-04  7.07148565e+05  3.94795647e-04  5.36768653e+05 
 3.95795647e-04  7.07148565e+05  3.95795647e-04  5.36768653e+05 
 3.96795647e-04  7.07148565e+05  3.96795647e-04  5.36768653e+05 
 3.97795647e-04  7.07148565e+05  3.97795647e-04  5.36768653e+05 
 3.98795647e-04  7.07148565e+05  3.98795647e-04  5.36768653e+05 
 3.99795647e-04  7.07148565e+05  3.99795647e-04  5.36768653e+05 
 4.00795647e-04  7.07148565e+05  4.00795647e-04  5.36768653e+05 
 4.01000000e-04  7.07148565e+05  4.01000000e-04  5.36768653e+05 
