Title: test opamp tran
Date: Sat Dec 13 00:41:40  2025
Command: ngspice-45.2, Build 
Plotname: Transient Analysis
Flags: real
No. Variables: 3
No. Points: 468
Variables:
	0	time	time
	1	v(vout3)	voltage
	2	v(visr)	voltage
Values:
 0	0.000000000000000e+00
	2.998473020699461e-01
	3.000000000000000e-01

 1	1.000000000000000e-08
	2.998473020699449e-01
	3.000000000000000e-01

 2	2.000000000000000e-08
	2.998473020699426e-01
	3.000000000000000e-01

 3	4.000000000000000e-08
	2.998473020699458e-01
	3.000000000000000e-01

 4	8.000000000000000e-08
	2.998473020699660e-01
	3.000000000000000e-01

 5	1.600000000000000e-07
	2.998473020700140e-01
	3.000000000000000e-01

 6	3.200000000000000e-07
	2.998473020700431e-01
	3.000000000000000e-01

 7	6.400000000000000e-07
	2.998473020699977e-01
	3.000000000000000e-01

 8	1.000000000000000e-06
	2.998473020700561e-01
	3.000000000000000e-01

 9	1.000000100000000e-06
	2.998639315644659e-01
	3.199999999878466e-01

 10	1.000000300000000e-06
	2.998970686840876e-01
	3.600000000058914e-01

 11	1.000000700000000e-06
	2.999626612973756e-01
	4.399999999996294e-01

 12	1.000001000000000e-06
	3.000106298664066e-01
	5.000000000000000e-01

 13	1.000001080000000e-06
	3.000107656986432e-01
	5.000000000000000e-01

 14	1.000001240000000e-06
	3.000109010920417e-01
	5.000000000000000e-01

 15	1.000001560000000e-06
	3.000108525757440e-01
	5.000000000000000e-01

 16	1.000002200000000e-06
	3.000108864768418e-01
	5.000000000000000e-01

 17	1.000003480000000e-06
	3.000108679817263e-01
	5.000000000000000e-01

 18	1.000006040000000e-06
	3.000109004779454e-01
	5.000000000000000e-01

 19	1.000011160000000e-06
	3.000108965123572e-01
	5.000000000000000e-01

 20	1.000021400000001e-06
	3.000109274117911e-01
	5.000000000000000e-01

 21	1.000041880000001e-06
	3.000108465578066e-01
	5.000000000000000e-01

 22	1.000082840000002e-06
	3.000104267124692e-01
	5.000000000000000e-01

 23	1.000164760000004e-06
	3.000084152546413e-01
	5.000000000000000e-01

 24	1.000328600000009e-06
	3.000011302960010e-01
	5.000000000000000e-01

 25	1.000656280000018e-06
	2.999809129869581e-01
	5.000000000000000e-01

 26	1.001311640000036e-06
	2.999582019288560e-01
	5.000000000000000e-01

 27	1.002622360000072e-06
	3.000951004898711e-01
	5.000000000000000e-01

 28	1.005243800000145e-06
	3.010025507223893e-01
	5.000000000000000e-01

 29	1.010486680000290e-06
	3.039680821492516e-01
	5.000000000000000e-01

 30	1.020972440000579e-06
	3.112613046421388e-01
	5.000000000000000e-01

 31	1.039368219037834e-06
	3.254572524673411e-01
	5.000000000000000e-01

 32	1.075129725323477e-06
	3.540241370126146e-01
	5.000000000000000e-01

 33	1.146652737894761e-06
	4.036342223637241e-01
	5.000000000000000e-01

 34	1.280656247112880e-06
	4.600179141271498e-01
	5.000000000000000e-01

 35	1.477532109831198e-06
	4.915036477444493e-01
	5.000000000000000e-01

 36	1.769932243584077e-06
	5.018265985140493e-01
	5.000000000000000e-01

 37	2.088322563790262e-06
	4.992280435365434e-01
	5.000000000000000e-01

 38	2.502214492581721e-06
	4.999326590755365e-01
	5.000000000000000e-01

 39	3.329998350164637e-06
	4.999151741971021e-01
	5.000000000000000e-01

 40	4.329998350164637e-06
	4.996763516398211e-01
	5.000000000000000e-01

 41	5.329998350164637e-06
	5.000741579697361e-01
	5.000000000000000e-01

 42	6.329998350164637e-06
	4.995691621037932e-01
	5.000000000000000e-01

 43	7.329998350164636e-06
	5.001379716461613e-01
	5.000000000000000e-01

 44	8.329998350164636e-06
	4.995395913425209e-01
	5.000000000000000e-01

 45	9.329998350164637e-06
	5.001407147305486e-01
	5.000000000000000e-01

 46	1.032999835016464e-05
	4.995562904555979e-01
	5.000000000000000e-01

 47	1.132999835016464e-05
	5.001098042126814e-01
	5.000000000000000e-01

 48	1.232999835016464e-05
	4.995960477740068e-01
	5.000000000000000e-01

 49	1.332999835016464e-05
	5.000645447142827e-01
	5.000000000000000e-01

 50	1.432999835016464e-05
	4.996431943441866e-01
	5.000000000000000e-01

 51	1.532999835016464e-05
	5.000173599080064e-01
	5.000000000000000e-01

 52	1.632999835016464e-05
	4.996882017204962e-01
	5.000000000000000e-01

 53	1.732999835016464e-05
	4.999752890287301e-01
	5.000000000000000e-01

 54	1.832999835016464e-05
	4.997261564403614e-01
	5.000000000000000e-01

 55	1.932999835016464e-05
	4.999414908608453e-01
	5.000000000000000e-01

 56	2.032999835016464e-05
	4.997553251007121e-01
	5.000000000000000e-01

 57	2.132999835016464e-05
	4.999165775556970e-01
	5.000000000000000e-01

 58	2.232999835016464e-05
	4.997759467550197e-01
	5.000000000000000e-01

 59	2.332999835016464e-05
	4.998996850556877e-01
	5.000000000000000e-01

 60	2.432999835016464e-05
	4.997893073810432e-01
	5.000000000000000e-01

 61	2.532999835016464e-05
	4.998892578761559e-01
	5.000000000000000e-01

 62	2.632999835016465e-05
	4.997970920373042e-01
	5.000000000000000e-01

 63	2.732999835016465e-05
	4.998835723104400e-01
	5.000000000000000e-01

 64	2.832999835016465e-05
	4.998009761280224e-01
	5.000000000000000e-01

 65	2.932999835016465e-05
	4.998810458179012e-01
	5.000000000000000e-01

 66	3.032999835016465e-05
	4.998024027956950e-01
	5.000000000000000e-01

 67	3.132999835016465e-05
	4.998803874393093e-01
	5.000000000000000e-01

 68	3.232999835016465e-05
	4.998024923954494e-01
	5.000000000000000e-01

 69	3.332999835016464e-05
	4.998806407428542e-01
	5.000000000000000e-01

 70	3.432999835016464e-05
	4.998020366040450e-01
	5.000000000000000e-01

 71	3.532999835016464e-05
	4.998811620629637e-01
	5.000000000000000e-01

 72	3.632999835016463e-05
	4.998015397090518e-01
	5.000000000000000e-01

 73	3.732999835016463e-05
	4.998815662304658e-01
	5.000000000000000e-01

 74	3.832999835016463e-05
	4.998012801596611e-01
	5.000000000000000e-01

 75	3.932999835016463e-05
	4.998816618426475e-01
	5.000000000000000e-01

 76	4.032999835016462e-05
	4.998013748808351e-01
	5.000000000000000e-01

 77	4.132999835016462e-05
	4.998813895717042e-01
	5.000000000000000e-01

 78	4.232999835016462e-05
	4.998018363866095e-01
	5.000000000000000e-01

 79	4.332999835016461e-05
	4.998807704943581e-01
	5.000000000000000e-01

 80	4.432999835016461e-05
	4.998026182104747e-01
	5.000000000000000e-01

 81	4.532999835016461e-05
	4.998798669086783e-01
	5.000000000000000e-01

 82	4.632999835016461e-05
	4.998036477814802e-01
	5.000000000000000e-01

 83	4.732999835016460e-05
	4.998787552959713e-01
	5.000000000000000e-01

 84	4.832999835016460e-05
	4.998048479712289e-01
	5.000000000000000e-01

 85	4.932999835016460e-05
	4.998775095940192e-01
	5.000000000000000e-01

 86	5.032999835016459e-05
	4.998061495192779e-01
	5.000000000000000e-01

 87	5.132999835016459e-05
	4.998761923796686e-01
	5.000000000000000e-01

 88	5.232999835016459e-05
	4.998074967819546e-01
	5.000000000000000e-01

 89	5.332999835016459e-05
	4.998748515741358e-01
	5.000000000000000e-01

 90	5.432999835016458e-05
	4.998088490484297e-01
	5.000000000000000e-01

 91	5.532999835016458e-05
	4.998735206159737e-01
	5.000000000000000e-01

 92	5.632999835016458e-05
	4.998101792529223e-01
	5.000000000000000e-01

 93	5.732999835016458e-05
	4.998722205073495e-01
	5.000000000000000e-01

 94	5.832999835016457e-05
	4.998114714364670e-01
	5.000000000000000e-01

 95	5.932999835016457e-05
	4.998709626075593e-01
	5.000000000000000e-01

 96	6.032999835016457e-05
	4.998127178684417e-01
	5.000000000000000e-01

 97	6.132999835016456e-05
	4.998697514564600e-01
	5.000000000000000e-01

 98	6.232999835016456e-05
	4.998139163712560e-01
	5.000000000000000e-01

 99	6.332999835016456e-05
	4.998685872320823e-01
	5.000000000000000e-01

 100	6.432999835016456e-05
	4.998150681180169e-01
	5.000000000000000e-01

 101	6.532999835016455e-05
	4.998674676751999e-01
	5.000000000000000e-01

 102	6.632999835016455e-05
	4.998161759862392e-01
	5.000000000000000e-01

 103	6.732999835016455e-05
	4.998663894626368e-01
	5.000000000000000e-01

 104	6.832999835016454e-05
	4.998172434375857e-01
	5.000000000000000e-01

 105	6.932999835016454e-05
	4.998653490934791e-01
	5.000000000000000e-01

 106	7.032999835016454e-05
	4.998182738357703e-01
	5.000000000000000e-01

 107	7.132999835016454e-05
	4.998643433901148e-01
	5.000000000000000e-01

 108	7.232999835016453e-05
	4.998192700951605e-01
	5.000000000000000e-01

 109	7.332999835016453e-05
	4.998633697216244e-01
	5.000000000000000e-01

 110	7.432999835016453e-05
	4.998202345566198e-01
	5.000000000000000e-01

 111	7.532999835016452e-05
	4.998624260460558e-01
	5.000000000000000e-01

 112	7.632999835016452e-05
	4.998211690030667e-01
	5.000000000000000e-01

 113	7.732999835016452e-05
	4.998615108493906e-01
	5.000000000000000e-01

 114	7.832999835016452e-05
	4.998205109136306e-01
	5.000000000000000e-01

 115	7.932999835016451e-05
	4.998575199288703e-01
	5.000000000000000e-01

 116	8.032999835016451e-05
	4.998206149489784e-01
	5.000000000000000e-01

 117	8.132999835016451e-05
	4.998567846880859e-01
	5.000000000000000e-01

 118	8.232999835016451e-05
	4.998211740663178e-01
	5.000000000000000e-01

 119	8.332999835016450e-05
	4.998560713550806e-01
	5.000000000000000e-01

 120	8.432999835016450e-05
	4.998219072446243e-01
	5.000000000000000e-01

 121	8.532999835016450e-05
	4.998552982801117e-01
	5.000000000000000e-01

 122	8.632999835016449e-05
	4.998226876689902e-01
	5.000000000000000e-01

 123	8.732999835016449e-05
	4.998545202617234e-01
	5.000000000000000e-01

 124	8.832999835016449e-05
	4.998234679966978e-01
	5.000000000000000e-01

 125	8.932999835016449e-05
	4.998537625745009e-01
	5.000000000000000e-01

 126	9.032999835016448e-05
	4.998242306857208e-01
	5.000000000000000e-01

 127	9.132999835016448e-05
	4.998530338483790e-01
	5.000000000000000e-01

 128	9.232999835016448e-05
	4.998249701968183e-01
	5.000000000000000e-01

 129	9.332999835016447e-05
	4.998523358418419e-01
	5.000000000000000e-01

 130	9.432999835016447e-05
	4.998256857052482e-01
	5.000000000000000e-01

 131	9.532999835016447e-05
	4.998516676884784e-01
	5.000000000000000e-01

 132	9.632999835016447e-05
	4.998263781140244e-01
	5.000000000000000e-01

 133	9.732999835016446e-05
	4.998510276700770e-01
	5.000000000000000e-01

 134	9.832999835016446e-05
	4.998270488117125e-01
	5.000000000000000e-01

 135	9.932999835016446e-05
	4.998504139485127e-01
	5.000000000000000e-01

 136	1.003299983501645e-04
	4.998276991675227e-01
	5.000000000000000e-01

 137	1.013299983501645e-04
	4.998498248484353e-01
	5.000000000000000e-01

 138	1.023299983501644e-04
	4.998283303496411e-01
	5.000000000000000e-01

 139	1.033299983501644e-04
	4.998492589408401e-01
	5.000000000000000e-01

 140	1.043299983501644e-04
	4.998289432874767e-01
	5.000000000000000e-01

 141	1.053299983501644e-04
	4.998487150387546e-01
	5.000000000000000e-01

 142	1.063299983501644e-04
	4.998295386962808e-01
	5.000000000000000e-01

 143	1.073299983501644e-04
	4.998481921578002e-01
	5.000000000000000e-01

 144	1.083299983501644e-04
	4.998301171238746e-01
	5.000000000000000e-01

 145	1.093299983501644e-04
	4.998476894674527e-01
	5.000000000000000e-01

 146	1.103299983501644e-04
	4.998306790001627e-01
	5.000000000000000e-01

 147	1.113299983501644e-04
	4.998472062454815e-01
	5.000000000000000e-01

 148	1.123299983501644e-04
	4.998312246803608e-01
	5.000000000000000e-01

 149	1.133299983501644e-04
	4.998467418408842e-01
	5.000000000000000e-01

 150	1.143299983501644e-04
	4.998317544782006e-01
	5.000000000000000e-01

 151	1.153299983501644e-04
	4.998462956465705e-01
	5.000000000000000e-01

 152	1.163299983501644e-04
	4.998322686895185e-01
	5.000000000000000e-01

 153	1.173299983501644e-04
	4.998458670812302e-01
	5.000000000000000e-01

 154	1.183299983501644e-04
	4.998327676067643e-01
	5.000000000000000e-01

 155	1.193299983501644e-04
	4.998454555784181e-01
	5.000000000000000e-01

 156	1.203299983501644e-04
	4.998332515269905e-01
	5.000000000000000e-01

 157	1.213299983501644e-04
	4.998450605812290e-01
	5.000000000000000e-01

 158	1.223299983501644e-04
	4.998337207549235e-01
	5.000000000000000e-01

 159	1.233299983501644e-04
	4.998446815404651e-01
	5.000000000000000e-01

 160	1.243299983501644e-04
	4.998341756031286e-01
	5.000000000000000e-01

 161	1.253299983501644e-04
	4.998443179151697e-01
	5.000000000000000e-01

 162	1.263299983501644e-04
	4.998346163901944e-01
	5.000000000000000e-01

 163	1.273299983501644e-04
	4.998439691739729e-01
	5.000000000000000e-01

 164	1.283299983501644e-04
	4.998350434385880e-01
	5.000000000000000e-01

 165	1.293299983501644e-04
	4.998436347969724e-01
	5.000000000000000e-01

 166	1.303299983501644e-04
	4.998354570720946e-01
	5.000000000000000e-01

 167	1.313299983501644e-04
	4.998433142773320e-01
	5.000000000000000e-01

 168	1.323299983501644e-04
	4.998358576136930e-01
	5.000000000000000e-01

 169	1.333299983501644e-04
	4.998430071226230e-01
	5.000000000000000e-01

 170	1.343299983501644e-04
	4.998362453837827e-01
	5.000000000000000e-01

 171	1.353299983501644e-04
	4.998427128556379e-01
	5.000000000000000e-01

 172	1.363299983501644e-04
	4.998366206990105e-01
	5.000000000000000e-01

 173	1.373299983501644e-04
	4.998424310148941e-01
	5.000000000000000e-01

 174	1.383299983501644e-04
	4.998369838711559e-01
	5.000000000000000e-01

 175	1.393299983501644e-04
	4.998421611546979e-01
	5.000000000000000e-01

 176	1.403299983501644e-04
	4.998373352068137e-01
	5.000000000000000e-01

 177	1.413299983501644e-04
	4.998419028449523e-01
	5.000000000000000e-01

 178	1.423299983501644e-04
	4.998376750070841e-01
	5.000000000000000e-01

 179	1.433299983501643e-04
	4.998416556708362e-01
	5.000000000000000e-01

 180	1.443299983501643e-04
	4.998380035673408e-01
	5.000000000000000e-01

 181	1.453299983501643e-04
	4.998414192323469e-01
	5.000000000000000e-01

 182	1.463299983501643e-04
	4.998383211772541e-01
	5.000000000000000e-01

 183	1.473299983501643e-04
	4.998411931437707e-01
	5.000000000000000e-01

 184	1.483299983501643e-04
	4.998386281208737e-01
	5.000000000000000e-01

 185	1.493299983501643e-04
	4.998409770331328e-01
	5.000000000000000e-01

 186	1.503299983501643e-04
	4.998389246766702e-01
	5.000000000000000e-01

 187	1.513299983501643e-04
	4.998407705416741e-01
	5.000000000000000e-01

 188	1.523299983501643e-04
	4.998392111175665e-01
	5.000000000000000e-01

 189	1.533299983501643e-04
	4.998405733233600e-01
	5.000000000000000e-01

 190	1.543299983501643e-04
	4.998394877110368e-01
	5.000000000000000e-01

 191	1.553299983501643e-04
	4.998403850443737e-01
	5.000000000000000e-01

 192	1.563299983501643e-04
	4.998397547191596e-01
	5.000000000000000e-01

 193	1.573299983501643e-04
	4.998402053826880e-01
	5.000000000000000e-01

 194	1.583299983501643e-04
	4.998400123986118e-01
	5.000000000000000e-01

 195	1.593299983501643e-04
	4.998400340275669e-01
	5.000000000000000e-01

 196	1.603299983501643e-04
	4.998402610007986e-01
	5.000000000000000e-01

 197	1.613299983501643e-04
	4.998398706792697e-01
	5.000000000000000e-01

 198	1.623299983501643e-04
	4.998405007717822e-01
	5.000000000000000e-01

 199	1.633299983501643e-04
	4.998397150485687e-01
	5.000000000000000e-01

 200	1.643299983501643e-04
	4.998407319523947e-01
	5.000000000000000e-01

 201	1.653299983501643e-04
	4.998395668564330e-01
	5.000000000000000e-01

 202	1.663299983501643e-04
	4.998409547782265e-01
	5.000000000000000e-01

 203	1.673299983501643e-04
	4.998394258336257e-01
	5.000000000000000e-01

 204	1.683299983501643e-04
	4.998411694797111e-01
	5.000000000000000e-01

 205	1.693299983501643e-04
	4.998392917204128e-01
	5.000000000000000e-01

 206	1.703299983501643e-04
	4.998413762821330e-01
	5.000000000000000e-01

 207	1.713299983501643e-04
	4.998391642661719e-01
	5.000000000000000e-01

 208	1.723299983501643e-04
	4.998415754056694e-01
	5.000000000000000e-01

 209	1.733299983501643e-04
	4.998390432291469e-01
	5.000000000000000e-01

 210	1.743299983501643e-04
	4.998417670654888e-01
	5.000000000000000e-01

 211	1.753299983501643e-04
	4.998389283760430e-01
	5.000000000000000e-01

 212	1.763299983501643e-04
	4.998419514718004e-01
	5.000000000000000e-01

 213	1.773299983501643e-04
	4.998388194817681e-01
	5.000000000000000e-01

 214	1.783299983501643e-04
	4.998421288298843e-01
	5.000000000000000e-01

 215	1.793299983501642e-04
	4.998387163291860e-01
	5.000000000000000e-01

 216	1.803299983501642e-04
	4.998422993401985e-01
	5.000000000000000e-01

 217	1.813299983501642e-04
	4.998386187087326e-01
	5.000000000000000e-01

 218	1.823299983501642e-04
	4.998424631984157e-01
	5.000000000000000e-01

 219	1.833299983501642e-04
	4.998385264182260e-01
	5.000000000000000e-01

 220	1.843299983501642e-04
	4.998426205955200e-01
	5.000000000000000e-01

 221	1.853299983501642e-04
	4.998384392625722e-01
	5.000000000000000e-01

 222	1.863299983501642e-04
	4.998427717178903e-01
	5.000000000000000e-01

 223	1.873299983501642e-04
	4.998383570534631e-01
	5.000000000000000e-01

 224	1.883299983501642e-04
	4.998429167473553e-01
	5.000000000000000e-01

 225	1.893299983501642e-04
	4.998382796092264e-01
	5.000000000000000e-01

 226	1.903299983501642e-04
	4.998430558612922e-01
	5.000000000000000e-01

 227	1.913299983501642e-04
	4.998382067545066e-01
	5.000000000000000e-01

 228	1.923299983501642e-04
	4.998431892326803e-01
	5.000000000000000e-01

 229	1.933299983501642e-04
	4.998381383200706e-01
	5.000000000000000e-01

 230	1.943299983501642e-04
	4.998433170302025e-01
	5.000000000000000e-01

 231	1.953299983501642e-04
	4.998380741425775e-01
	5.000000000000000e-01

 232	1.963299983501642e-04
	4.998434394183230e-01
	5.000000000000000e-01

 233	1.973299983501642e-04
	4.998380140643790e-01
	5.000000000000000e-01

 234	1.983299983501642e-04
	4.998435565573772e-01
	5.000000000000000e-01

 235	1.993299983501642e-04
	4.998379579332773e-01
	5.000000000000000e-01

 236	2.003299983501642e-04
	4.998436686036318e-01
	5.000000000000000e-01

 237	2.010000010000000e-04
	4.998381728894756e-01
	5.000000000000000e-01

 238	2.010000011000000e-04
	4.998238881719353e-01
	4.799999989957139e-01

 239	2.010000013000000e-04
	4.997948087661472e-01
	4.399999969871417e-01

 240	2.010000017000000e-04
	4.997343500300188e-01
	3.599999983910080e-01

 241	2.010000020000000e-04
	4.996876044351534e-01
	3.000000000000000e-01

 242	2.010000020800000e-04
	4.996876224570239e-01
	3.000000000000000e-01

 243	2.010000022400000e-04
	4.996875460204694e-01
	3.000000000000000e-01

 244	2.010000025600000e-04
	4.996874419514798e-01
	3.000000000000000e-01

 245	2.010000032000000e-04
	4.996872402042446e-01
	3.000000000000000e-01

 246	2.010000044800000e-04
	4.996868240492672e-01
	3.000000000000000e-01

 247	2.010000070399999e-04
	4.996860181481904e-01
	3.000000000000000e-01

 248	2.010000121599999e-04
	4.996844260266906e-01
	3.000000000000000e-01

 249	2.010000223999999e-04
	4.996814052743268e-01
	3.000000000000000e-01

 250	2.010000428799998e-04
	4.996758949283359e-01
	3.000000000000000e-01

 251	2.010000838399996e-04
	4.996668591767342e-01
	3.000000000000000e-01

 252	2.010001657599993e-04
	4.996551410422214e-01
	3.000000000000000e-01

 253	2.010003295999986e-04
	4.996488161614883e-01
	3.000000000000000e-01

 254	2.010006572799973e-04
	4.996684712365279e-01
	3.000000000000000e-01

 255	2.010013126399947e-04
	4.997333940450259e-01
	3.000000000000000e-01

 256	2.010026233599895e-04
	4.997508415986057e-01
	3.000000000000000e-01

 257	2.010052447999790e-04
	4.988589991211360e-01
	3.000000000000000e-01

 258	2.010098524664054e-04
	4.954793489836722e-01
	3.000000000000000e-01

 259	2.010190677992583e-04
	4.883552722839207e-01
	3.000000000000000e-01

 260	2.010292433884959e-04
	4.814053184433790e-01
	3.000000000000000e-01

 261	2.010495945669712e-04
	4.693140277705524e-01
	3.000000000000000e-01

 262	2.010902969239218e-04
	4.484150568447040e-01
	3.000000000000000e-01

 263	2.011717016378229e-04
	4.066449195407901e-01
	3.000000000000000e-01

 264	2.013345110656252e-04
	3.325933711367541e-01
	3.000000000000000e-01

 265	2.016601299212298e-04
	2.868990746990538e-01
	3.000000000000000e-01

 266	2.020074629245497e-04
	3.027573777655528e-01
	3.000000000000000e-01

 267	2.024155050545570e-04
	2.992356422268022e-01
	3.000000000000000e-01

 268	2.028755524075019e-04
	2.995695362685381e-01
	3.000000000000000e-01

 269	2.037956471133915e-04
	3.003143103848705e-01
	3.000000000000000e-01

 270	2.047956471133915e-04
	2.992808413084185e-01
	3.000000000000000e-01

 271	2.057956471133915e-04
	3.004497576155823e-01
	3.000000000000000e-01

 272	2.067956471133915e-04
	2.992498305651220e-01
	3.000000000000000e-01

 273	2.077956471133915e-04
	3.004094524896864e-01
	3.000000000000000e-01

 274	2.087956471133915e-04
	2.993374988963893e-01
	3.000000000000000e-01

 275	2.097956471133915e-04
	3.002912943556333e-01
	3.000000000000000e-01

 276	2.107956471133915e-04
	2.994714011220310e-01
	3.000000000000000e-01

 277	2.117956471133915e-04
	3.001514466691086e-01
	3.000000000000000e-01

 278	2.127956471133915e-04
	2.996087395568828e-01
	3.000000000000000e-01

 279	2.137956471133915e-04
	3.000215816134605e-01
	3.000000000000000e-01

 280	2.147956471133915e-04
	2.997270101417752e-01
	3.000000000000000e-01

 281	2.157956471133915e-04
	2.999167013064056e-01
	3.000000000000000e-01

 282	2.167956471133915e-04
	2.998172469819584e-01
	3.000000000000000e-01

 283	2.177956471133915e-04
	2.998410303016011e-01
	3.000000000000000e-01

 284	2.187956471133915e-04
	2.998788392941352e-01
	3.000000000000000e-01

 285	2.197956471133915e-04
	2.997925045478178e-01
	3.000000000000000e-01

 286	2.207956471133915e-04
	2.999156884884392e-01
	3.000000000000000e-01

 287	2.217956471133915e-04
	2.997660118659615e-01
	3.000000000000000e-01

 288	2.227956471133915e-04
	2.999335375988134e-01
	3.000000000000000e-01

 289	2.237956471133915e-04
	2.997555524566661e-01
	3.000000000000000e-01

 290	2.247956471133915e-04
	2.999382798281922e-01
	3.000000000000000e-01

 291	2.257956471133915e-04
	2.997555258587208e-01
	3.000000000000000e-01

 292	2.267956471133914e-04
	2.999350277662813e-01
	3.000000000000000e-01

 293	2.277956471133914e-04
	2.997613661101006e-01
	3.000000000000000e-01

 294	2.287956471133914e-04
	2.999277250781577e-01
	3.000000000000000e-01

 295	2.297956471133914e-04
	2.997697339618769e-01
	3.000000000000000e-01

 296	2.307956471133914e-04
	2.999191070560249e-01
	3.000000000000000e-01

 297	2.317956471133914e-04
	2.997784419243893e-01
	3.000000000000000e-01

 298	2.327956471133914e-04
	2.999108554153956e-01
	3.000000000000000e-01

 299	2.337956471133914e-04
	2.997862457795097e-01
	3.000000000000000e-01

 300	2.347956471133914e-04
	2.999038356171866e-01
	3.000000000000000e-01

 301	2.357956471133914e-04
	2.997925942357116e-01
	3.000000000000000e-01

 302	2.367956471133914e-04
	2.998983443009907e-01
	3.000000000000000e-01

 303	2.377956471133914e-04
	2.997973924001557e-01
	3.000000000000000e-01

 304	2.387956471133914e-04
	2.998943261753634e-01
	3.000000000000000e-01

 305	2.397956471133914e-04
	2.998008071708140e-01
	3.000000000000000e-01

 306	2.407956471133914e-04
	2.998915427979941e-01
	3.000000000000000e-01

 307	2.417956471133914e-04
	2.998031236554421e-01
	3.000000000000000e-01

 308	2.427956471133914e-04
	2.998896907272156e-01
	3.000000000000000e-01

 309	2.437956471133914e-04
	2.998046501245178e-01
	3.000000000000000e-01

 310	2.447956471133914e-04
	2.998884750430980e-01
	3.000000000000000e-01

 311	2.457956471133915e-04
	2.998056630902008e-01
	3.000000000000000e-01

 312	2.467956471133915e-04
	2.998876479797390e-01
	3.000000000000000e-01

 313	2.477956471133915e-04
	2.998063821212356e-01
	3.000000000000000e-01

 314	2.487956471133915e-04
	2.998870230242875e-01
	3.000000000000000e-01

 315	2.497956471133915e-04
	2.998069644392952e-01
	3.000000000000000e-01

 316	2.507956471133916e-04
	2.998864736665195e-01
	3.000000000000000e-01

 317	2.517956471133916e-04
	2.998075110234552e-01
	3.000000000000000e-01

 318	2.527956471133916e-04
	2.998859240108082e-01
	3.000000000000000e-01

 319	2.537956471133916e-04
	2.998080780651693e-01
	3.000000000000000e-01

 320	2.547956471133917e-04
	2.998853363448986e-01
	3.000000000000000e-01

 321	2.557956471133917e-04
	2.998086896563574e-01
	3.000000000000000e-01

 322	2.567956471133917e-04
	2.998846988698202e-01
	3.000000000000000e-01

 323	2.577956471133917e-04
	2.998093493002427e-01
	3.000000000000000e-01

 324	2.587956471133918e-04
	2.998840153040926e-01
	3.000000000000000e-01

 325	2.597956471133918e-04
	2.998100491095740e-01
	3.000000000000000e-01

 326	2.607956471133918e-04
	2.998832970171333e-01
	3.000000000000000e-01

 327	2.617956471133918e-04
	2.998107764144293e-01
	3.000000000000000e-01

 328	2.627956471133919e-04
	2.998825576783381e-01
	3.000000000000000e-01

 329	2.637956471133919e-04
	2.998115180060063e-01
	3.000000000000000e-01

 330	2.647956471133919e-04
	2.998818100475084e-01
	3.000000000000000e-01

 331	2.657956471133919e-04
	2.998122624840877e-01
	3.000000000000000e-01

 332	2.667956471133920e-04
	2.998810643913723e-01
	3.000000000000000e-01

 333	2.677956471133920e-04
	2.998130012379420e-01
	3.000000000000000e-01

 334	2.687956471133920e-04
	2.998803280096954e-01
	3.000000000000000e-01

 335	2.697956471133920e-04
	2.998137285468854e-01
	3.000000000000000e-01

 336	2.707956471133921e-04
	2.998796054297636e-01
	3.000000000000000e-01

 337	2.717956471133921e-04
	2.998144411921443e-01
	3.000000000000000e-01

 338	2.727956471133921e-04
	2.998788989320152e-01
	3.000000000000000e-01

 339	2.737956471133921e-04
	2.998151378635974e-01
	3.000000000000000e-01

 340	2.747956471133922e-04
	2.998782091765124e-01
	3.000000000000000e-01

 341	2.757956471133922e-04
	2.998158185444927e-01
	3.000000000000000e-01

 342	2.767956471133922e-04
	2.998775357904460e-01
	3.000000000000000e-01

 343	2.777956471133922e-04
	2.998164839764096e-01
	3.000000000000000e-01

 344	2.787956471133923e-04
	2.998768778470876e-01
	3.000000000000000e-01

 345	2.797956471133923e-04
	2.998171352480188e-01
	3.000000000000000e-01

 346	2.807956471133923e-04
	2.998762342142705e-01
	3.000000000000000e-01

 347	2.817956471133923e-04
	2.998177735127792e-01
	3.000000000000000e-01

 348	2.827956471133924e-04
	2.998756037798860e-01
	3.000000000000000e-01

 349	2.837956471133924e-04
	2.998183998194613e-01
	3.000000000000000e-01

 350	2.847956471133924e-04
	2.998749855765876e-01
	3.000000000000000e-01

 351	2.857956471133924e-04
	2.998190150297814e-01
	3.000000000000000e-01

 352	2.867956471133924e-04
	2.998743788325362e-01
	3.000000000000000e-01

 353	2.877956471133925e-04
	2.998196197967101e-01
	3.000000000000000e-01

 354	2.887956471133925e-04
	2.998737829737985e-01
	3.000000000000000e-01

 355	2.897956471133925e-04
	2.998202145795971e-01
	3.000000000000000e-01

 356	2.907956471133925e-04
	2.998731975993930e-01
	3.000000000000000e-01

 357	2.917956471133926e-04
	2.998207996780776e-01
	3.000000000000000e-01

 358	2.927956471133926e-04
	2.998726224444920e-01
	3.000000000000000e-01

 359	2.937956471133926e-04
	2.998213752717580e-01
	3.000000000000000e-01

 360	2.947956471133926e-04
	2.998720573421317e-01
	3.000000000000000e-01

 361	2.957956471133927e-04
	2.998219414579464e-01
	3.000000000000000e-01

 362	2.967956471133927e-04
	2.998715021891190e-01
	3.000000000000000e-01

 363	2.977956471133927e-04
	2.998224982831749e-01
	3.000000000000000e-01

 364	2.987956471133927e-04
	2.998709569190790e-01
	3.000000000000000e-01

 365	2.997956471133928e-04
	2.998230457671514e-01
	3.000000000000000e-01

 366	3.007956471133928e-04
	2.998704214828059e-01
	3.000000000000000e-01

 367	3.017956471133928e-04
	2.998235839194031e-01
	3.000000000000000e-01

 368	3.027956471133928e-04
	2.998698958353305e-01
	3.000000000000000e-01

 369	3.037956471133929e-04
	2.998241127498424e-01
	3.000000000000000e-01

 370	3.047956471133929e-04
	2.998693799282821e-01
	3.000000000000000e-01

 371	3.057956471133929e-04
	2.998246322745763e-01
	3.000000000000000e-01

 372	3.067956471133929e-04
	2.998688737062446e-01
	3.000000000000000e-01

 373	3.077956471133930e-04
	2.998251425184506e-01
	3.000000000000000e-01

 374	3.087956471133930e-04
	2.998683771054907e-01
	3.000000000000000e-01

 375	3.097956471133930e-04
	2.998256435156426e-01
	3.000000000000000e-01

 376	3.107956471133930e-04
	2.998678900542383e-01
	3.000000000000000e-01

 377	3.117956471133931e-04
	2.998261353090361e-01
	3.000000000000000e-01

 378	3.127956471133931e-04
	2.998674124737180e-01
	3.000000000000000e-01

 379	3.137956471133931e-04
	2.998266179492498e-01
	3.000000000000000e-01

 380	3.147956471133931e-04
	2.998669442792894e-01
	3.000000000000000e-01

 381	3.157956471133932e-04
	2.998270914935262e-01
	3.000000000000000e-01

 382	3.167956471133932e-04
	2.998664853815384e-01
	3.000000000000000e-01

 383	3.177956471133932e-04
	2.998275560047622e-01
	3.000000000000000e-01

 384	3.187956471133932e-04
	2.998660356872068e-01
	3.000000000000000e-01

 385	3.197956471133932e-04
	2.998280115507222e-01
	3.000000000000000e-01

 386	3.207956471133933e-04
	2.998655950998856e-01
	3.000000000000000e-01

 387	3.217956471133933e-04
	2.998284582035770e-01
	3.000000000000000e-01

 388	3.227956471133933e-04
	2.998631802352736e-01
	3.000000000000000e-01

 389	3.237956471133933e-04
	2.998379437024922e-01
	3.000000000000000e-01

 390	3.247956471133934e-04
	2.998726761329114e-01
	3.000000000000000e-01

 391	3.257956471133934e-04
	2.998249268742922e-01
	3.000000000000000e-01

 392	3.267956471133934e-04
	2.998648305292614e-01
	3.000000000000000e-01

 393	3.277956471133934e-04
	2.998377490383601e-01
	3.000000000000000e-01

 394	3.287956471133935e-04
	2.998696778806996e-01
	3.000000000000000e-01

 395	3.297956471133935e-04
	2.998353059481327e-01
	3.000000000000000e-01

 396	3.307956471133935e-04
	2.998708146209263e-01
	3.000000000000000e-01

 397	3.317956471133935e-04
	2.998351330023695e-01
	3.000000000000000e-01

 398	3.327956471133936e-04
	2.998702868240918e-01
	3.000000000000000e-01

 399	3.337956471133936e-04
	2.998358068638447e-01
	3.000000000000000e-01

 400	3.347956471133936e-04
	2.998692972356350e-01
	3.000000000000000e-01

 401	3.357956471133936e-04
	2.998366319113739e-01
	3.000000000000000e-01

 402	3.367956471133937e-04
	2.998683107627446e-01
	3.000000000000000e-01

 403	3.377956471133937e-04
	2.998373520913144e-01
	3.000000000000000e-01

 404	3.387956471133937e-04
	2.998674777564138e-01
	3.000000000000000e-01

 405	3.397956471133937e-04
	2.998379044778453e-01
	3.000000000000000e-01

 406	3.407956471133938e-04
	2.998668164204786e-01
	3.000000000000000e-01

 407	3.417956471133938e-04
	2.998383037007631e-01
	3.000000000000000e-01

 408	3.427956471133938e-04
	2.998662955556387e-01
	3.000000000000000e-01

 409	3.437956471133938e-04
	2.998385894151117e-01
	3.000000000000000e-01

 410	3.447956471133939e-04
	2.998658718564431e-01
	3.000000000000000e-01

 411	3.457956471133939e-04
	2.998388029930133e-01
	3.000000000000000e-01

 412	3.467956471133939e-04
	2.998655059033203e-01
	3.000000000000000e-01

 413	3.477956471133939e-04
	2.998389782362058e-01
	3.000000000000000e-01

 414	3.487956471133940e-04
	2.998651678208271e-01
	3.000000000000000e-01

 415	3.497956471133940e-04
	2.998391389118552e-01
	3.000000000000000e-01

 416	3.507956471133940e-04
	2.998648379564071e-01
	3.000000000000000e-01

 417	3.517956471133940e-04
	2.998392994775831e-01
	3.000000000000000e-01

 418	3.527956471133941e-04
	2.998645053498508e-01
	3.000000000000000e-01

 419	3.537956471133941e-04
	2.998394670763183e-01
	3.000000000000000e-01

 420	3.547956471133941e-04
	2.998641654679318e-01
	3.000000000000000e-01

 421	3.557956471133941e-04
	2.998396437853602e-01
	3.000000000000000e-01

 422	3.567956471133941e-04
	2.998638179686235e-01
	3.000000000000000e-01

 423	3.577956471133942e-04
	2.998398286165015e-01
	3.000000000000000e-01

 424	3.587956471133942e-04
	2.998634648471179e-01
	3.000000000000000e-01

 425	3.597956471133942e-04
	2.998400190658289e-01
	3.000000000000000e-01

 426	3.607956471133942e-04
	2.998631090759418e-01
	3.000000000000000e-01

 427	3.617956471133943e-04
	2.998402121833077e-01
	3.000000000000000e-01

 428	3.627956471133943e-04
	2.998627537180586e-01
	3.000000000000000e-01

 429	3.637956471133943e-04
	2.998404052219110e-01
	3.000000000000000e-01

 430	3.647956471133943e-04
	2.998624014291327e-01
	3.000000000000000e-01

 431	3.657956471133944e-04
	2.998405959616275e-01
	3.000000000000000e-01

 432	3.667956471133944e-04
	2.998620542448202e-01
	3.000000000000000e-01

 433	3.677956471133944e-04
	2.998407828095258e-01
	3.000000000000000e-01

 434	3.687956471133944e-04
	2.998617135545332e-01
	3.000000000000000e-01

 435	3.697956471133945e-04
	2.998409647626990e-01
	3.000000000000000e-01

 436	3.707956471133945e-04
	2.998613801806136e-01
	3.000000000000000e-01

 437	3.717956471133945e-04
	2.998411413022414e-01
	3.000000000000000e-01

 438	3.727956471133945e-04
	2.998610545034351e-01
	3.000000000000000e-01

 439	3.737956471133946e-04
	2.998413122647806e-01
	3.000000000000000e-01

 440	3.747956471133946e-04
	2.998607365933736e-01
	3.000000000000000e-01

 441	3.757956471133946e-04
	2.998414777207787e-01
	3.000000000000000e-01

 442	3.767956471133946e-04
	2.998604263273424e-01
	3.000000000000000e-01

 443	3.777956471133947e-04
	2.998416378740715e-01
	3.000000000000000e-01

 444	3.787956471133947e-04
	2.998601234801028e-01
	3.000000000000000e-01

 445	3.797956471133947e-04
	2.998417929872906e-01
	3.000000000000000e-01

 446	3.807956471133947e-04
	2.998598277885512e-01
	3.000000000000000e-01

 447	3.817956471133948e-04
	2.998419433326510e-01
	3.000000000000000e-01

 448	3.827956471133948e-04
	2.998595389920843e-01
	3.000000000000000e-01

 449	3.837956471133948e-04
	2.998420891633674e-01
	3.000000000000000e-01

 450	3.847956471133948e-04
	2.998592568540319e-01
	3.000000000000000e-01

 451	3.857956471133949e-04
	2.998422307005371e-01
	3.000000000000000e-01

 452	3.867956471133949e-04
	2.998589811698629e-01
	3.000000000000000e-01

 453	3.877956471133949e-04
	2.998423681302064e-01
	3.000000000000000e-01

 454	3.887956471133949e-04
	2.998587117668444e-01
	3.000000000000000e-01

 455	3.897956471133950e-04
	2.998425016068562e-01
	3.000000000000000e-01

 456	3.907956471133950e-04
	2.998584484992382e-01
	3.000000000000000e-01

 457	3.917956471133950e-04
	2.998426312592208e-01
	3.000000000000000e-01

 458	3.927956471133950e-04
	2.998581912418674e-01
	3.000000000000000e-01

 459	3.937956471133950e-04
	2.998427571969703e-01
	3.000000000000000e-01

 460	3.947956471133951e-04
	2.998579398835658e-01
	3.000000000000000e-01

 461	3.957956471133951e-04
	2.998428795168945e-01
	3.000000000000000e-01

 462	3.967956471133951e-04
	2.998576943216731e-01
	3.000000000000000e-01

 463	3.977956471133951e-04
	2.998429983076816e-01
	3.000000000000000e-01

 464	3.987956471133952e-04
	2.998574544578905e-01
	3.000000000000000e-01

 465	3.997956471133952e-04
	2.998431136534665e-01
	3.000000000000000e-01

 466	4.007956471133952e-04
	2.998572201954558e-01
	3.000000000000000e-01

 467	4.010000000000000e-04
	2.998455489917436e-01
	3.000000000000000e-01

